2069.0
4355.0
928.0
4568.0
3925.0
7995.0
2997.0
4138.0
9136.0
1856.0
2997.0
7135.0
2997.0
2069.0
7067.0
5496.0
9136.0
2499.0
9136.0
3427.0
5496.0
5066.0
2997.0
2069.0
4998.0
5496.0
5926.0
928.0
4568.0
6424.0
2499.0
4568.0
3925.0
2069.0
1856.0
5066.0
4355.0
4355.0
2499.0
928.0
3427.0
3427.0
6424.0
1856.0
2499.0
1856.0
928.0
1856.0
2069.0
6424.0
4138.0
6424.0
928.0
7565.0
2499.0
2499.0
3427.0
2499.0
6637.0
928.0
2069.0
3427.0
2069.0
2069.0
4138.0
4853.0
4568.0
4355.0
3712.0
2499.0
2069.0
2069.0
4998.0
5496.0
2069.0
5926.0
2997.0
2997.0
928.0
7565.0
6637.0
8706.0
2499.0
6637.0
6637.0
7565.0
5496.0
3925.0
928.0
2499.0
2997.0
5496.0
2997.0
6854.0
928.0
5496.0
5994.0
2499.0
8425.0
4998.0
9566.0
2997.0
2069.0
2499.0
7565.0
2069.0
2997.0
8706.0
5496.0
7995.0
2499.0
5994.0
7067.0
7067.0
2069.0
2997.0
2069.0
2997.0
3925.0
2499.0
2069.0
3427.0
2499.0
3427.0
3925.0
2997.0
2069.0
4138.0
928.0
7067.0
2499.0
5283.0
2069.0
928.0
3925.0
2997.0
928.0
7995.0
4355.0
928.0
7995.0
7497.0
6424.0
2069.0
6424.0
6424.0
2997.0
4355.0
2069.0
2784.0
2997.0
2499.0
9136.0
4568.0
7067.0
4138.0
5066.0
4998.0
5496.0
8425.0
5926.0
2499.0
2499.0
8706.0
9566.0
2997.0
5994.0
2069.0
5496.0
7995.0
7497.0
4355.0
7995.0
6424.0
4853.0
4568.0
5496.0
4853.0
3427.0
6854.0
8706.0
5496.0
2069.0
5926.0
6637.0
4138.0
2069.0
2069.0
4568.0
4853.0
2499.0
7565.0
928.0
2499.0
3925.0
928.0
2499.0
928.0
5994.0
3712.0
5496.0
2997.0
2069.0
6854.0
7995.0
4568.0
2069.0
2499.0
2997.0
7135.0
5994.0
928.0
7565.0
7565.0
5496.0
2499.0
5066.0
4998.0
6637.0
3925.0
6424.0
3427.0
6637.0
2069.0
6637.0
9136.0
2499.0
2499.0
928.0
2069.0
7067.0
2069.0
4998.0
2069.0
2499.0
7995.0
928.0
5283.0
7565.0
5066.0
4998.0
3427.0
7497.0
2499.0
2784.0
5496.0
5283.0
4355.0
2997.0
4998.0
928.0
4568.0
9136.0
2499.0
5926.0
7067.0
9136.0
5926.0
7565.0
5066.0
9996.0
2997.0
5283.0
5926.0
2997.0
5066.0
3427.0
5994.0
9566.0
5066.0
4568.0
7565.0
3427.0
2499.0
2069.0
2069.0
2069.0
5496.0
928.0
5066.0
4138.0
1856.0
6854.0
3427.0
4568.0
3925.0
4568.0
2499.0
3712.0
6207.0
928.0
2069.0
7135.0
2499.0
2499.0
1856.0
5496.0
4568.0
4998.0
4998.0
6424.0
2997.0
8425.0
8706.0
2997.0
2499.0
7135.0
5994.0
9136.0
5496.0
4138.0
9136.0
7995.0
4568.0
6854.0
2499.0
5496.0
7565.0
5926.0
4138.0
6854.0
3427.0
2997.0
7565.0
928.0
1856.0
8706.0
928.0
6424.0
7067.0
2499.0
6424.0
2997.0
7995.0
3427.0
2069.0
8425.0
4568.0
928.0
4568.0
2499.0
4138.0
4998.0
5496.0
2997.0
928.0
2997.0
3427.0
2499.0
4355.0
7565.0
4568.0
6854.0
3427.0
7067.0
5066.0
5066.0
5496.0
5496.0
6637.0
7995.0
1856.0
5496.0
5926.0
7565.0
5496.0
2997.0
5496.0
2069.0
4355.0
4853.0
6424.0
3427.0
7995.0
2997.0
2499.0
5496.0
2997.0
7135.0
7565.0
5496.0
5496.0
4998.0
6637.0
4568.0
4355.0
2069.0
3427.0
4568.0
4138.0
4568.0
2997.0
2499.0
2499.0
5496.0
5496.0
1856.0
2069.0
928.0
2069.0
4355.0
3925.0
6424.0
1856.0
2069.0
4138.0
2997.0
2069.0
6424.0
4568.0
3427.0
5283.0
5283.0
5496.0
2069.0
3925.0
7995.0
4998.0
2499.0
5496.0
5496.0
8425.0
2499.0
2069.0
3427.0
4998.0
2069.0
3427.0
3712.0
2069.0
5496.0
2069.0
9566.0
3427.0
6637.0
4138.0
9996.0
4568.0
6424.0
8706.0
2784.0
2499.0
4568.0
928.0
2997.0
3427.0
9136.0
2499.0
5994.0
7135.0
2499.0
7995.0
2997.0
7565.0
7067.0
2069.0
7995.0
7497.0
6424.0
2499.0
5496.0
928.0
4568.0
2069.0
2069.0
7565.0
7995.0
7135.0
7565.0
5066.0
5926.0
9136.0
7565.0
3427.0
6854.0
2997.0
5496.0
5496.0
9566.0
928.0
7565.0
3427.0
6207.0
6637.0
928.0
928.0
4355.0
5066.0
7565.0
7565.0
2784.0
3427.0
7067.0
928.0
2784.0
7135.0
928.0
9136.0
5496.0
7135.0
5066.0
3427.0
2069.0
6207.0
3925.0
5496.0
5496.0
3427.0
3925.0
4138.0
928.0
3427.0
6637.0
6424.0
7135.0
928.0
2069.0
5283.0
2499.0
3925.0
7995.0
4568.0
3925.0
3925.0
2499.0
3427.0
928.0
1856.0
5496.0
5066.0
3925.0
5496.0
9566.0
3925.0
5496.0
5496.0
3427.0
3427.0
5496.0
6424.0
9566.0
2069.0
928.0
2069.0
2069.0
9136.0
928.0
4138.0
4568.0
2499.0
4138.0
2069.0
7995.0
8706.0
4355.0
4568.0
5496.0
6207.0
6207.0
5496.0
7995.0
3925.0
3925.0
5496.0
4568.0
4568.0
3427.0
7995.0
6424.0
6854.0
3427.0
2499.0
928.0
5994.0
7565.0
2069.0
5496.0
8706.0
4568.0
6207.0
5926.0
7995.0
5066.0
4568.0
2069.0
2499.0
7565.0
3427.0
2069.0
9566.0
8706.0
2499.0
3427.0
2997.0
7565.0
5496.0
5926.0
4138.0
928.0
2997.0
928.0
2784.0
6637.0
928.0
928.0
7995.0
5066.0
5496.0
5066.0
3427.0
8425.0
5926.0
6637.0
9566.0
2069.0
928.0
1856.0
7995.0
4998.0
5066.0
5496.0
6637.0
4998.0
3427.0
2997.0
2069.0
6424.0
3925.0
4568.0
2499.0
4568.0
2499.0
2069.0
2997.0
2784.0
928.0
3925.0
6424.0
8706.0
1856.0
1856.0
928.0
8706.0
3427.0
5496.0
6637.0
8706.0
5994.0
5926.0
928.0
2499.0
3427.0
2499.0
6424.0
4138.0
3427.0
7497.0
7565.0
2997.0
4853.0
7497.0
5066.0
3925.0
4355.0
6424.0
8425.0
5994.0
6424.0
2997.0
7497.0
1856.0
8425.0
4355.0
7995.0
2997.0
5926.0
928.0
2069.0
4568.0
5926.0
2784.0
7565.0
928.0
6637.0
2499.0
7565.0
6424.0
6854.0
9566.0
3427.0
1856.0
8425.0
2499.0
4568.0
928.0
4138.0
5496.0
6854.0
4998.0
4998.0
928.0
7565.0
2069.0
8425.0
4138.0
2997.0
4853.0
6424.0
928.0
4998.0
3925.0
7565.0
9566.0
8706.0
2499.0
6207.0
5926.0
6637.0
3925.0
4568.0
928.0
5066.0
5496.0
4138.0
9136.0
4998.0
5496.0
4568.0
5066.0
7067.0
