11892.0
9892.0
6678.0
8804.0
4352.0
9842.0
5002.0
10142.0
4652.0
8404.0
5890.0
8242.0
9354.0
5352.0
7516.0
5240.0
4402.0
11842.0
7916.0
5352.0
9004.0
9892.0
10492.0
7378.0
9104.0
8028.0
6540.0
5540.0
10242.0
10654.0
4652.0
8942.0
8216.0
6328.0
7916.0
5352.0
9054.0
7028.0
4402.0
9942.0
5052.0
4352.0
8704.0
7516.0
4352.0
9892.0
7354.0
4540.0
6028.0
10542.0
10354.0
5002.0
6378.0
6190.0
4652.0
6790.0
9454.0
11542.0
7216.0
11004.0
9004.0
8054.0
5002.0
7216.0
5652.0
8216.0
9404.0
4702.0
10892.0
5002.0
10542.0
6840.0
10592.0
6678.0
5352.0
8704.0
10704.0
7378.0
8916.0
4702.0
9354.0
11004.0
3702.0
7328.0
5190.0
5352.0
9304.0
6566.0
6840.0
7328.0
10292.0
5052.0
4352.0
9004.0
6678.0
7378.0
6190.0
5652.0
7978.0
8166.0
8866.0
9166.0
10192.0
6328.0
6490.0
11192.0
7678.0
8328.0
6490.0
8916.0
6190.0
4702.0
5490.0
7678.0
9404.0
4052.0
7378.0
6028.0
5840.0
9054.0
6490.0
5490.0
10654.0
6328.0
5302.0
4352.0
9942.0
10192.0
9754.0
5890.0
5952.0
9054.0
5540.0
10004.0
9166.0
7028.0
7628.0
5840.0
8866.0
9892.0
7028.0
7516.0
4890.0
7516.0
8866.0
9542.0
4402.0
4752.0
11192.0
5890.0
7166.0
7816.0
9054.0
7866.0
8754.0
6378.0
10842.0
6028.0
6190.0
7566.0
5002.0
4052.0
5240.0
9004.0
10354.0
5190.0
10004.0
8866.0
6790.0
6490.0
5190.0
4702.0
7216.0
8516.0
4652.0
7566.0
9054.0
6678.0
8516.0
4652.0
9166.0
9004.0
9004.0
5840.0
11192.0
8166.0
8216.0
7678.0
10654.0
8266.0
5652.0
6240.0
10004.0
7216.0
5840.0
5002.0
5190.0
11492.0
9404.0
10542.0
4352.0
10004.0
5190.0
5352.0
7628.0
10192.0
7378.0
6328.0
8816.0
11242.0
8278.0
9704.0
8816.0
5490.0
11242.0
11542.0
6678.0
11442.0
9354.0
5240.0
10792.0
5002.0
5052.0
9104.0
9454.0
10242.0
7866.0
8216.0
9704.0
8754.0
8054.0
7978.0
7866.0
8704.0
11842.0
9892.0
9542.0
9166.0
5840.0
7028.0
7328.0
4352.0
7378.0
5002.0
7678.0
5890.0
5652.0
6728.0
10942.0
4402.0
7328.0
8892.0
9166.0
5840.0
7028.0
9354.0
9054.0
9542.0
11492.0
10892.0
9704.0
8566.0
9166.0
8166.0
5352.0
6978.0
10242.0
5652.0
7516.0
6078.0
6140.0
5940.0
8516.0
6378.0
8328.0
9704.0
4702.0
8166.0
8216.0
7866.0
5890.0
9592.0
8166.0
5352.0
11542.0
10842.0
7378.0
11842.0
8754.0
7166.0
8516.0
4702.0
4702.0
4840.0
9354.0
9004.0
6378.0
7266.0
6190.0
9704.0
4540.0
9354.0
5540.0
8866.0
5190.0
9166.0
8866.0
9404.0
8266.0
6866.0
8754.0
10842.0
10892.0
9654.0
4540.0
8866.0
5840.0
6378.0
5490.0
5890.0
6678.0
5002.0
6378.0
9704.0
6490.0
5840.0
8754.0
9354.0
9404.0
6190.0
4890.0
9704.0
9704.0
10704.0
10542.0
5540.0
8566.0
10892.0
5190.0
5540.0
9166.0
6378.0
6678.0
11542.0
8466.0
9892.0
7166.0
6028.0
10892.0
8566.0
9542.0
5002.0
6190.0
6378.0
9542.0
6778.0
10192.0
4002.0
7978.0
5652.0
6378.0
8216.0
4352.0
8054.0
7678.0
10842.0
6028.0
8166.0
5052.0
8354.0
7028.0
8704.0
8566.0
5302.0
10004.0
7616.0
10892.0
7328.0
5052.0
12142.0
5002.0
4002.0
7516.0
8328.0
9754.0
5352.0
6490.0
6490.0
6328.0
4352.0
3352.0
5352.0
5352.0
4352.0
11004.0
4540.0
8816.0
11492.0
9892.0
10592.0
10842.0
7328.0
4402.0
4752.0
6840.0
8754.0
6916.0
7916.0
10892.0
9354.0
8516.0
9054.0
9004.0
10654.0
7328.0
7140.0
5302.0
8404.0
9892.0
4652.0
5190.0
9704.0
6540.0
5002.0
11242.0
10542.0
8354.0
10492.0
9354.0
6790.0
7516.0
5890.0
5190.0
7378.0
10542.0
8166.0
9242.0
9166.0
9704.0
5840.0
9842.0
7516.0
6216.0
5190.0
5678.0
8566.0
8942.0
4352.0
9942.0
11242.0
10842.0
9754.0
5540.0
6728.0
10892.0
9166.0
7978.0
8866.0
7628.0
4052.0
4402.0
8866.0
6078.0
10542.0
8866.0
10304.0
8404.0
5590.0
4702.0
8516.0
6728.0
10592.0
8328.0
6916.0
8266.0
6028.0
6678.0
6490.0
5540.0
10004.0
11842.0
6378.0
4352.0
9054.0
5352.0
5002.0
8516.0
8216.0
4002.0
8628.0
10354.0
7216.0
11542.0
6190.0
9492.0
10654.0
5840.0
11892.0
5890.0
5352.0
9004.0
5002.0
6190.0
8628.0
7028.0
8516.0
10292.0
6678.0
5540.0
9704.0
10542.0
9754.0
5002.0
6190.0
5378.0
5490.0
9892.0
9404.0
6866.0
10004.0
5840.0
7028.0
9004.0
6678.0
9942.0
8466.0
6378.0
5302.0
6490.0
7628.0
7866.0
9054.0
8542.0
7028.0
5052.0
9404.0
8942.0
5052.0
6678.0
4352.0
4352.0
11192.0
8516.0
7678.0
5002.0
5190.0
7916.0
7516.0
5840.0
5302.0
6140.0
10542.0
6840.0
4352.0
12142.0
9216.0
6190.0
5302.0
11192.0
6378.0
6190.0
4840.0
6728.0
6566.0
8704.0
7516.0
4352.0
9354.0
4352.0
8216.0
11192.0
8866.0
5840.0
8942.0
9192.0
4052.0
11492.0
5890.0
11792.0
10542.0
7866.0
9054.0
11542.0
8316.0
7816.0
11192.0
5540.0
9242.0
6728.0
7678.0
4052.0
11792.0
5890.0
5840.0
11542.0
5052.0
7566.0
8704.0
5190.0
9166.0
6190.0
8166.0
6916.0
4352.0
4540.0
9004.0
8516.0
5002.0
10942.0
10542.0
7028.0
7866.0
9592.0
9892.0
5840.0
7216.0
7566.0
6378.0
9166.0
9466.0
7028.0
6378.0
6678.0
6678.0
4702.0
6328.0
10354.0
9404.0
7704.0
7678.0
5352.0
5728.0
5840.0
4702.0
5352.0
6840.0
5890.0
4890.0
10892.0
8216.0
8216.0
8166.0
9054.0
8216.0
10304.0
11192.0
4652.0
4352.0
11192.0
9404.0
9842.0
9004.0
3702.0
8216.0
9592.0
4652.0
6378.0
8278.0
4052.0
7566.0
6240.0
6840.0
7566.0
5302.0
10054.0
4702.0
6028.0
10004.0
5540.0
4652.0
6540.0
10892.0
5002.0
7516.0
11004.0
5002.0
7516.0
6866.0
10592.0
4702.0
5302.0
7566.0
8704.0
7866.0
8704.0
10542.0
10654.0
9354.0
7078.0
9242.0
7728.0
4352.0
8704.0
9704.0
5890.0
10892.0
7516.0
4652.0
7866.0
9592.0
8216.0
7566.0
8054.0
6190.0
7516.0
7866.0
6728.0
5052.0
9354.0
8704.0
6378.0
4052.0
4052.0
8866.0
5540.0
8704.0
8866.0
11492.0
7678.0
7378.0
5840.0
9166.0
8866.0
11242.0
7628.0
5002.0
9004.0
5652.0
4402.0
7328.0
