7216.0
3164.0
8516.0
7078.0
6678.0
4352.0
6028.0
2514.0
5490.0
6490.0
3214.0
3514.0
5728.0
8166.0
3164.0
7378.0
8816.0
2864.0
7378.0
5540.0
4352.0
7378.0
3564.0
6678.0
5890.0
3864.0
5002.0
6140.0
3814.0
3514.0
4402.0
7028.0
5190.0
7916.0
7140.0
7266.0
7916.0
5052.0
4352.0
6490.0
5540.0
8328.0
5652.0
3514.0
2864.0
6490.0
5540.0
8816.0
7078.0
5590.0
6866.0
7078.0
7516.0
4840.0
4164.0
8516.0
6866.0
6190.0
4840.0
6140.0
4652.0
6190.0
8516.0
6378.0
5052.0
5302.0
5728.0
4002.0
3214.0
6728.0
5190.0
7516.0
6678.0
3564.0
3514.0
7816.0
6190.0
2864.0
4002.0
3514.0
3564.0
3814.0
5240.0
3864.0
7216.0
3514.0
4164.0
4352.0
8516.0
3164.0
5302.0
4702.0
5840.0
3864.0
7378.0
4352.0
3214.0
6190.0
7678.0
6728.0
4002.0
6190.0
5840.0
6028.0
6028.0
7866.0
7816.0
8216.0
7378.0
8328.0
5840.0
5952.0
6028.0
5890.0
5190.0
3214.0
3164.0
6190.0
8516.0
4702.0
2864.0
4164.0
6028.0
3514.0
3514.0
5540.0
3164.0
4164.0
6916.0
6378.0
8566.0
4052.0
7378.0
5378.0
2864.0
3814.0
3164.0
3702.0
5652.0
2864.0
8166.0
5052.0
4164.0
4702.0
6190.0
6190.0
5240.0
8516.0
7916.0
4890.0
6190.0
3514.0
7678.0
6490.0
3214.0
4464.0
4052.0
3814.0
4890.0
7866.0
6490.0
8866.0
2864.0
8516.0
7566.0
5002.0
4352.0
3514.0
4052.0
6678.0
4352.0
4890.0
3514.0
3814.0
4002.0
4652.0
4164.0
6328.0
3702.0
5002.0
7140.0
2864.0
5302.0
6566.0
3514.0
9516.0
7566.0
6678.0
9216.0
5052.0
3164.0
5002.0
3514.0
5540.0
6378.0
6678.0
5190.0
2864.0
4652.0
7628.0
4702.0
3814.0
4402.0
5002.0
7866.0
9116.0
5052.0
4164.0
6540.0
7216.0
3514.0
5652.0
5840.0
5540.0
5052.0
5490.0
6140.0
6540.0
6840.0
5952.0
3814.0
4052.0
5590.0
3514.0
6490.0
6190.0
4164.0
5890.0
4702.0
8866.0
6490.0
4002.0
5490.0
4540.0
8628.0
9466.0
3514.0
7866.0
4702.0
8216.0
6978.0
4402.0
4702.0
5840.0
7140.0
4702.0
7678.0
7916.0
2514.0
8328.0
2864.0
9816.0
7978.0
4052.0
2514.0
2864.0
5540.0
5840.0
6490.0
6190.0
7728.0
6678.0
3214.0
3352.0
6728.0
7328.0
4702.0
3164.0
2864.0
5002.0
4702.0
5052.0
6078.0
5240.0
4702.0
6490.0
5490.0
6678.0
5652.0
7866.0
9116.0
6540.0
6728.0
5890.0
7678.0
4352.0
7328.0
3564.0
5890.0
2864.0
8516.0
3814.0
4052.0
3814.0
7916.0
4164.0
7428.0
3164.0
7678.0
7678.0
3514.0
3164.0
8328.0
4164.0
3814.0
6728.0
5652.0
6790.0
4002.0
7078.0
6728.0
7516.0
7028.0
3214.0
7028.0
6140.0
3814.0
7678.0
4002.0
3514.0
3814.0
9216.0
3702.0
9166.0
3514.0
6566.0
8466.0
7616.0
7378.0
8216.0
7566.0
3814.0
6840.0
5302.0
8516.0
4002.0
4164.0
6190.0
7516.0
6190.0
3514.0
4540.0
6540.0
6866.0
4352.0
7378.0
8566.0
7266.0
4164.0
7866.0
4352.0
6428.0
7028.0
2864.0
7166.0
3214.0
4652.0
5002.0
6840.0
4652.0
4352.0
6866.0
4002.0
6378.0
4840.0
4352.0
7866.0
3514.0
5052.0
4652.0
3814.0
5002.0
5540.0
7516.0
3214.0
6490.0
6978.0
5002.0
2864.0
3164.0
6678.0
5302.0
6728.0
8566.0
3514.0
6190.0
3214.0
3352.0
7916.0
7078.0
7866.0
8216.0
4352.0
6540.0
5490.0
3864.0
9466.0
4402.0
3214.0
4702.0
3514.0
8866.0
4352.0
7028.0
5352.0
6140.0
4402.0
7028.0
4702.0
8216.0
4352.0
7028.0
8028.0
8566.0
7978.0
7866.0
6028.0
5540.0
3164.0
5002.0
6140.0
8028.0
2864.0
7378.0
5352.0
3214.0
7516.0
8566.0
4652.0
6840.0
5540.0
7078.0
7866.0
8028.0
6190.0
6728.0
3514.0
7328.0
7678.0
6566.0
3864.0
4002.0
6190.0
4702.0
8216.0
7866.0
8466.0
7328.0
8866.0
5240.0
5652.0
9516.0
7678.0
3164.0
5840.0
4352.0
7140.0
8166.0
4702.0
3514.0
2864.0
7028.0
6190.0
3514.0
7328.0
8028.0
3514.0
4402.0
6866.0
4164.0
2514.0
8216.0
4002.0
3514.0
4652.0
4540.0
8216.0
8866.0
6516.0
4890.0
7678.0
8466.0
4464.0
5240.0
4002.0
5840.0
5540.0
4702.0
4352.0
3864.0
7328.0
3164.0
5540.0
2514.0
8566.0
2864.0
8816.0
5840.0
4464.0
4052.0
5840.0
6028.0
4652.0
6490.0
4002.0
7216.0
3164.0
7028.0
7028.0
9116.0
4164.0
4402.0
2864.0
5240.0
5840.0
7816.0
3864.0
5190.0
5002.0
2864.0
6028.0
5890.0
4352.0
4352.0
6566.0
7378.0
8278.0
4352.0
4402.0
7140.0
4352.0
8628.0
9166.0
5840.0
6728.0
5890.0
5840.0
6566.0
8816.0
4352.0
6378.0
4164.0
5052.0
7140.0
3702.0
3514.0
3814.0
7028.0
6540.0
4652.0
7378.0
6566.0
5002.0
3814.0
3214.0
6378.0
5840.0
7866.0
5190.0
4164.0
6378.0
4840.0
4164.0
9166.0
5002.0
8216.0
5002.0
7978.0
3514.0
3164.0
8566.0
6378.0
7516.0
5728.0
7566.0
5002.0
5840.0
6028.0
8916.0
5002.0
7328.0
7216.0
8216.0
6190.0
5002.0
3814.0
7378.0
3514.0
4652.0
7566.0
6540.0
4890.0
7266.0
7140.0
4702.0
5002.0
3864.0
7866.0
2864.0
3564.0
5002.0
6978.0
3514.0
5028.0
7678.0
4702.0
6978.0
7566.0
5678.0
8166.0
5052.0
7028.0
6728.0
3164.0
5840.0
7328.0
4352.0
5190.0
4164.0
8566.0
2864.0
5840.0
5352.0
7678.0
8816.0
3214.0
7378.0
7378.0
4890.0
6140.0
7328.0
6678.0
4702.0
4352.0
5352.0
6778.0
8216.0
4352.0
6190.0
8328.0
3164.0
5002.0
7866.0
7078.0
7678.0
3164.0
6428.0
5190.0
5840.0
5540.0
6916.0
8866.0
5840.0
7328.0
5002.0
8866.0
6678.0
5352.0
3814.0
6190.0
6490.0
4352.0
3814.0
4464.0
4702.0
4402.0
7216.0
4352.0
3214.0
4402.0
6540.0
4702.0
3352.0
3514.0
3164.0
8566.0
6378.0
9166.0
5002.0
5890.0
7866.0
8516.0
8166.0
5302.0
3814.0
4052.0
5002.0
4164.0
9816.0
8866.0
2864.0
5840.0
5590.0
3514.0
5890.0
8866.0
3214.0
4164.0
6728.0
5302.0
5590.0
2864.0
4540.0
6140.0
3514.0
6728.0
6078.0
7516.0
7216.0
4652.0
4702.0
6140.0
8028.0
8278.0
3214.0
4352.0
5052.0
6866.0
3164.0
8816.0
7028.0
8516.0
8866.0
5352.0
6790.0
7566.0
6140.0
5190.0
5190.0
6140.0
