10494.0
3925.0
4138.0
3925.0
5926.0
8991.0
8923.0
5066.0
3427.0
7352.0
9421.0
3427.0
9634.0
10562.0
11422.0
12993.0
7850.0
4138.0
4998.0
4568.0
4355.0
7850.0
8276.0
9204.0
6424.0
11703.0
3427.0
11205.0
3427.0
8425.0
6637.0
7565.0
2997.0
6854.0
9634.0
6637.0
8923.0
12495.0
9851.0
4355.0
2997.0
7067.0
5926.0
4568.0
7135.0
6854.0
8991.0
10562.0
2997.0
4853.0
11205.0
5496.0
7565.0
9136.0
4853.0
2997.0
12563.0
3427.0
3427.0
7565.0
2997.0
3427.0
12133.0
9634.0
11703.0
11422.0
6922.0
7067.0
4568.0
5066.0
8923.0
7995.0
5066.0
7135.0
7139.0
11703.0
10992.0
6207.0
2997.0
7067.0
4568.0
7067.0
10992.0
10494.0
7135.0
8706.0
3427.0
5496.0
7565.0
1856.0
7995.0
9353.0
5496.0
13274.0
5066.0
10064.0
3712.0
6424.0
7352.0
9996.0
5926.0
2997.0
3427.0
5781.0
1856.0
6854.0
10992.0
7565.0
3925.0
5994.0
5994.0
4568.0
10494.0
4568.0
8425.0
5496.0
9353.0
10064.0
5994.0
9634.0
4568.0
11852.0
7067.0
10494.0
8493.0
7782.0
2997.0
10562.0
6854.0
3427.0
11703.0
6922.0
8425.0
8923.0
4998.0
4998.0
7067.0
8280.0
4853.0
10992.0
3427.0
4568.0
4138.0
4998.0
7565.0
2997.0
7565.0
4998.0
10064.0
2997.0
4568.0
7497.0
7565.0
9996.0
7565.0
5926.0
9353.0
4138.0
6211.0
7995.0
4138.0
9851.0
4568.0
3712.0
10992.0
6854.0
6211.0
2997.0
8923.0
9566.0
7995.0
7995.0
7995.0
2997.0
8425.0
5781.0
11205.0
8493.0
6424.0
5496.0
7565.0
7995.0
3925.0
12133.0
7352.0
9566.0
9851.0
6424.0
8923.0
4355.0
7565.0
14564.0
9851.0
6424.0
1856.0
1856.0
5994.0
7135.0
7995.0
10775.0
9421.0
9421.0
10281.0
3712.0
7995.0
2997.0
8706.0
10562.0
7135.0
8923.0
8923.0
8493.0
10562.0
7995.0
5066.0
10562.0
4568.0
11205.0
9421.0
12133.0
3427.0
10992.0
3427.0
1856.0
7565.0
5066.0
10992.0
4568.0
3427.0
9851.0
5496.0
8706.0
3427.0
11703.0
11205.0
10992.0
5496.0
6637.0
7565.0
3427.0
4568.0
12993.0
11635.0
1856.0
3427.0
4998.0
7565.0
3427.0
10064.0
5781.0
3925.0
10992.0
10064.0
11635.0
6637.0
8493.0
9353.0
7565.0
7995.0
13274.0
4853.0
13423.0
11205.0
4998.0
7067.0
8991.0
12495.0
10064.0
4355.0
4355.0
9851.0
9353.0
7995.0
5496.0
9566.0
6424.0
9851.0
10992.0
8493.0
9634.0
8923.0
6424.0
5781.0
4138.0
8280.0
7995.0
9136.0
8493.0
1856.0
7135.0
10562.0
9566.0
5994.0
13704.0
2997.0
6424.0
7995.0
8923.0
5496.0
5496.0
9353.0
6424.0
7352.0
11422.0
4568.0
8493.0
11205.0
7995.0
10992.0
5283.0
2784.0
7352.0
4568.0
8493.0
6922.0
11635.0
14564.0
4853.0
12563.0
9421.0
6637.0
2997.0
10992.0
8493.0
4355.0
8493.0
12563.0
2997.0
6637.0
2997.0
9566.0
10494.0
3427.0
9136.0
12133.0
7565.0
4138.0
4355.0
7995.0
8493.0
9634.0
6637.0
2997.0
10992.0
7565.0
2784.0
4998.0
4853.0
7067.0
4998.0
8923.0
2997.0
9136.0
10992.0
5496.0
3925.0
5496.0
4355.0
12993.0
7995.0
8493.0
5926.0
4138.0
6637.0
6424.0
3427.0
4568.0
10494.0
8923.0
8280.0
3427.0
6424.0
2997.0
6207.0
7067.0
11703.0
3925.0
6424.0
10064.0
4568.0
8493.0
2997.0
8493.0
9421.0
13704.0
2997.0
9634.0
13274.0
8706.0
7352.0
4568.0
7782.0
8991.0
3427.0
9421.0
3427.0
2997.0
5994.0
4568.0
9136.0
1856.0
5994.0
6207.0
3427.0
7995.0
8923.0
4138.0
4853.0
1856.0
7067.0
8063.0
11422.0
3427.0
11205.0
8493.0
7135.0
5926.0
9566.0
12993.0
10132.0
9634.0
5926.0
11852.0
5496.0
2997.0
7135.0
12133.0
10992.0
3427.0
11852.0
7139.0
13274.0
4355.0
4998.0
2784.0
2784.0
6424.0
1856.0
10992.0
3427.0
5066.0
5283.0
5496.0
4568.0
7782.0
6637.0
4853.0
10064.0
11852.0
12133.0
7565.0
4568.0
2997.0
5066.0
5926.0
5066.0
7352.0
8706.0
8706.0
7067.0
13704.0
6922.0
4568.0
8493.0
12133.0
13704.0
8063.0
6709.0
10494.0
2784.0
4853.0
7497.0
8706.0
8493.0
4138.0
4568.0
8493.0
7565.0
8923.0
8063.0
7565.0
14134.0
8710.0
4355.0
7497.0
6922.0
2997.0
4138.0
8923.0
9136.0
2997.0
4138.0
7067.0
7352.0
2784.0
11703.0
12065.0
14134.0
8493.0
7995.0
9421.0
4568.0
8493.0
8063.0
11205.0
1856.0
5926.0
4568.0
11703.0
3925.0
7497.0
8493.0
7352.0
9421.0
2997.0
10775.0
6211.0
4568.0
12563.0
5781.0
8493.0
4568.0
3427.0
5066.0
8425.0
5781.0
7352.0
7565.0
12133.0
5496.0
10064.0
11635.0
3427.0
12563.0
9136.0
5994.0
2784.0
8425.0
6922.0
12133.0
11635.0
8923.0
8923.0
12993.0
7995.0
9634.0
7995.0
6207.0
11422.0
4355.0
10494.0
5496.0
7497.0
10494.0
6424.0
3427.0
3427.0
7565.0
13274.0
9136.0
10281.0
6637.0
4998.0
8276.0
12133.0
10494.0
12563.0
11273.0
7352.0
9851.0
6854.0
7352.0
3427.0
10064.0
1856.0
7139.0
7352.0
10064.0
13704.0
4568.0
7067.0
6424.0
6424.0
4138.0
2997.0
8425.0
4998.0
7995.0
8706.0
6207.0
5496.0
7995.0
11703.0
10562.0
10064.0
2997.0
7782.0
5994.0
14134.0
10064.0
1856.0
4998.0
6854.0
12133.0
10924.0
1856.0
11422.0
7135.0
4355.0
7995.0
3427.0
7135.0
7497.0
7565.0
7995.0
5283.0
12495.0
5066.0
11422.0
12993.0
3427.0
8923.0
3427.0
8063.0
4568.0
4355.0
10281.0
9204.0
8493.0
1856.0
10992.0
3925.0
4853.0
7565.0
9851.0
7565.0
9851.0
8276.0
8280.0
3925.0
7565.0
9634.0
11205.0
7067.0
8280.0
4355.0
11422.0
4568.0
6424.0
8706.0
3427.0
5283.0
1856.0
3925.0
3925.0
4853.0
6424.0
10064.0
10064.0
8493.0
10064.0
7565.0
2997.0
7067.0
8425.0
5066.0
14134.0
10562.0
8706.0
7565.0
10562.0
11422.0
7067.0
8493.0
2997.0
8923.0
5496.0
7850.0
3925.0
7995.0
11703.0
7565.0
6424.0
10992.0
8991.0
9136.0
8493.0
4138.0
7497.0
8493.0
11422.0
6207.0
6211.0
3427.0
5926.0
6922.0
7565.0
4355.0
7565.0
11422.0
9566.0
11422.0
7565.0
7782.0
12993.0
9353.0
7995.0
4998.0
9634.0
2997.0
7565.0
9136.0
10064.0
7352.0
9421.0
5066.0
12133.0
4568.0
10494.0
4138.0
7565.0
4138.0
10992.0
4138.0
2997.0
6424.0
9136.0
8493.0
4568.0
8923.0
