3718.0
2319.0
2319.0
5117.0
5117.0
6957.0
5117.0
7436.0
7436.0
1399.0
9755.0
7436.0
8835.0
1399.0
2319.0
8835.0
5117.0
7436.0
2319.0
1399.0
8835.0
4638.0
2798.0
6516.0
4197.0
3718.0
3718.0
3718.0
9755.0
8835.0
7436.0
2798.0
7436.0
2319.0
7436.0
1399.0
6037.0
3718.0
5117.0
5596.0
7915.0
3718.0
5117.0
8835.0
3718.0
8356.0
9755.0
6516.0
9755.0
1399.0
3718.0
8356.0
3718.0
7915.0
6037.0
5117.0
9276.0
11595.0
8356.0
1399.0
1399.0
8356.0
2798.0
8356.0
9276.0
7436.0
4197.0
8356.0
3718.0
6516.0
6037.0
3718.0
2319.0
6516.0
8835.0
9755.0
6037.0
2798.0
2798.0
4638.0
7436.0
7915.0
1399.0
1399.0
5596.0
10675.0
8835.0
2319.0
2798.0
5117.0
3718.0
5117.0
1399.0
7436.0
4638.0
7436.0
2319.0
4638.0
9755.0
2319.0
1399.0
7915.0
1399.0
3718.0
1399.0
2798.0
1399.0
2319.0
3718.0
2319.0
3718.0
3718.0
1399.0
8356.0
1399.0
2798.0
4197.0
6037.0
5596.0
2798.0
8835.0
4638.0
8835.0
7436.0
7436.0
7436.0
8835.0
7436.0
3718.0
7436.0
7436.0
8356.0
5596.0
4638.0
5117.0
4638.0
2319.0
1399.0
2319.0
3718.0
10675.0
8835.0
7436.0
7436.0
5117.0
3718.0
8835.0
2319.0
3718.0
4638.0
2798.0
9755.0
8356.0
4638.0
8835.0
8356.0
6516.0
8356.0
1399.0
3718.0
9755.0
6516.0
6516.0
9755.0
3718.0
7436.0
5117.0
3718.0
8835.0
2798.0
1399.0
4638.0
5117.0
1399.0
6037.0
5117.0
2798.0
2319.0
2798.0
6516.0
2798.0
6957.0
2319.0
4638.0
1399.0
8835.0
3718.0
2798.0
1399.0
2319.0
9276.0
5596.0
9755.0
6037.0
1399.0
8356.0
2798.0
4197.0
7436.0
1399.0
4638.0
8835.0
7436.0
2319.0
3718.0
7915.0
2798.0
6037.0
6516.0
7915.0
2798.0
8835.0
5117.0
8835.0
8835.0
8835.0
2798.0
6516.0
4638.0
6516.0
10675.0
6995.0
7436.0
7915.0
9276.0
6037.0
8356.0
8835.0
3718.0
6516.0
5117.0
6516.0
3718.0
6037.0
8835.0
10675.0
8356.0
6037.0
2798.0
2798.0
1399.0
8356.0
1399.0
2319.0
3718.0
7915.0
5117.0
9276.0
2319.0
5117.0
9755.0
1399.0
6957.0
2319.0
7436.0
3718.0
1399.0
3718.0
4638.0
6037.0
2798.0
8356.0
7436.0
2798.0
6037.0
5117.0
6037.0
6037.0
2319.0
1399.0
2319.0
6037.0
2319.0
5596.0
8835.0
3718.0
2319.0
9755.0
7915.0
4638.0
7436.0
6957.0
6037.0
6037.0
2319.0
2319.0
9755.0
2319.0
6995.0
9755.0
1399.0
6037.0
3718.0
6037.0
2319.0
7436.0
8835.0
3718.0
6037.0
3718.0
8835.0
3718.0
3718.0
3718.0
3718.0
1399.0
2319.0
1399.0
6516.0
9755.0
1399.0
2798.0
6516.0
6037.0
9755.0
7436.0
9755.0
7436.0
2319.0
7915.0
9276.0
8356.0
8356.0
6037.0
5117.0
8356.0
7436.0
8835.0
8835.0
1399.0
2319.0
8835.0
3718.0
5117.0
9755.0
6037.0
6516.0
6037.0
2798.0
6037.0
10675.0
2319.0
3718.0
1399.0
6516.0
2319.0
8356.0
8835.0
9755.0
5117.0
8835.0
11595.0
8835.0
5596.0
9755.0
7436.0
2319.0
2319.0
10675.0
11595.0
2319.0
3718.0
8835.0
6957.0
2319.0
3718.0
1399.0
3718.0
5117.0
5117.0
2319.0
5596.0
2798.0
6037.0
4197.0
10675.0
2319.0
2319.0
9755.0
8356.0
6995.0
9755.0
3718.0
2798.0
6037.0
5117.0
8356.0
8835.0
6037.0
4638.0
1399.0
1399.0
2798.0
5117.0
2798.0
9755.0
8835.0
8835.0
6037.0
7915.0
6516.0
6037.0
3718.0
1399.0
3718.0
5117.0
3718.0
7436.0
7436.0
5117.0
7436.0
8835.0
1399.0
3718.0
1399.0
1399.0
3718.0
10675.0
3718.0
8356.0
4638.0
7436.0
2319.0
3718.0
1399.0
6037.0
1399.0
2798.0
4638.0
9755.0
2319.0
9755.0
4638.0
9755.0
10675.0
5117.0
8356.0
9755.0
2319.0
6037.0
4638.0
3718.0
2319.0
5596.0
3718.0
6037.0
1399.0
3718.0
2319.0
8356.0
8356.0
6516.0
9276.0
1399.0
8835.0
9755.0
3718.0
8835.0
2319.0
9755.0
8835.0
3718.0
6037.0
8835.0
6037.0
4638.0
5117.0
2319.0
8356.0
6995.0
6037.0
8356.0
6037.0
2319.0
3718.0
7436.0
3718.0
6516.0
2319.0
1399.0
9755.0
3718.0
7915.0
7915.0
8835.0
2798.0
3718.0
7436.0
7915.0
6037.0
3718.0
1399.0
1399.0
1399.0
6516.0
5117.0
6957.0
6037.0
8356.0
10675.0
4638.0
4197.0
10675.0
11595.0
5117.0
9276.0
5596.0
2319.0
7436.0
11595.0
4638.0
9755.0
1399.0
2319.0
8356.0
7436.0
6516.0
7436.0
1399.0
6037.0
5117.0
6957.0
8835.0
9755.0
8356.0
2798.0
1399.0
2319.0
8835.0
6957.0
9755.0
6516.0
6516.0
3718.0
5117.0
9755.0
6037.0
7436.0
1399.0
5117.0
6957.0
7436.0
3718.0
6037.0
1399.0
2798.0
9755.0
6037.0
9755.0
2319.0
9755.0
8835.0
11595.0
9755.0
2319.0
9755.0
6037.0
9755.0
6516.0
9755.0
9755.0
4638.0
1399.0
6957.0
9755.0
10675.0
8835.0
7436.0
4638.0
5117.0
3718.0
5117.0
1399.0
2319.0
7436.0
6957.0
3718.0
3718.0
9755.0
9755.0
8356.0
5117.0
2319.0
10675.0
2319.0
5117.0
5117.0
2319.0
7915.0
6516.0
1399.0
5117.0
8835.0
2319.0
3718.0
7915.0
5596.0
6995.0
7436.0
8356.0
2798.0
1399.0
2319.0
9276.0
4638.0
1399.0
9276.0
6957.0
3718.0
4638.0
8356.0
2319.0
9755.0
8356.0
3718.0
1399.0
8835.0
8835.0
4197.0
3718.0
1399.0
10675.0
4197.0
8356.0
7436.0
1399.0
2798.0
10675.0
1399.0
6995.0
4638.0
7436.0
6957.0
4638.0
9755.0
4197.0
6516.0
5596.0
8835.0
9755.0
1399.0
7436.0
8835.0
3718.0
9755.0
8835.0
5117.0
8356.0
5117.0
3718.0
2319.0
6516.0
5117.0
4638.0
2319.0
4638.0
8835.0
1399.0
3718.0
6037.0
2319.0
6037.0
5117.0
10675.0
5117.0
6957.0
2798.0
8835.0
7436.0
6516.0
6037.0
6516.0
5117.0
4638.0
9755.0
4638.0
1399.0
1399.0
6957.0
4638.0
6037.0
4197.0
4197.0
7436.0
8835.0
8356.0
3718.0
9276.0
1399.0
8356.0
2319.0
7915.0
3718.0
8835.0
8356.0
6516.0
8835.0
6037.0
4638.0
6957.0
3718.0
2319.0
6037.0
5117.0
9276.0
9755.0
5117.0
1399.0
6037.0
9755.0
2319.0
6516.0
7436.0
7436.0
4638.0
10675.0
1399.0
6516.0
6037.0
6037.0
3718.0
2798.0
3718.0
6516.0
2319.0
1399.0
2798.0
5117.0
6516.0
5117.0
