8166.0
7428.0
5052.0
8216.0
4052.0
8866.0
9004.0
7678.0
6190.0
9104.0
8104.0
5840.0
4402.0
10892.0
8216.0
10242.0
5240.0
11842.0
9592.0
8754.0
6728.0
8216.0
10892.0
5652.0
10242.0
9516.0
8354.0
9942.0
4702.0
8754.0
3702.0
4052.0
10404.0
9354.0
10492.0
9104.0
9354.0
8166.0
7078.0
5840.0
5378.0
6140.0
10004.0
5540.0
8754.0
5540.0
9292.0
5840.0
10492.0
6840.0
8866.0
11892.0
3352.0
6678.0
4352.0
5002.0
9104.0
5952.0
4652.0
6190.0
6378.0
9404.0
4402.0
10004.0
7328.0
5240.0
9166.0
7566.0
8166.0
7866.0
10192.0
7866.0
8278.0
10542.0
11142.0
4890.0
7866.0
7866.0
9166.0
9704.0
7678.0
10592.0
7378.0
6190.0
7678.0
5352.0
4652.0
8816.0
6866.0
10354.0
5590.0
5190.0
10892.0
8566.0
7028.0
4402.0
4052.0
7916.0
7028.0
7628.0
11192.0
8816.0
5240.0
7328.0
10954.0
4352.0
10242.0
10242.0
4002.0
9542.0
5840.0
6490.0
10592.0
5840.0
5652.0
5302.0
6728.0
9816.0
8704.0
11192.0
4402.0
10242.0
7140.0
11542.0
7216.0
7866.0
6190.0
5840.0
10492.0
6328.0
6978.0
11142.0
5002.0
3702.0
8516.0
9054.0
9754.0
8654.0
10004.0
9892.0
8454.0
5302.0
9592.0
10242.0
9816.0
4052.0
5540.0
5190.0
6728.0
10542.0
4890.0
4352.0
7628.0
5190.0
5652.0
8516.0
6028.0
9004.0
4702.0
5302.0
8754.0
4702.0
8028.0
10304.0
5002.0
4352.0
7728.0
7916.0
5652.0
9216.0
7328.0
9704.0
11892.0
5190.0
5352.0
9192.0
4352.0
9654.0
6490.0
10654.0
4352.0
7266.0
7866.0
6190.0
10004.0
4352.0
8516.0
9354.0
10954.0
11542.0
4540.0
11542.0
6378.0
11192.0
10004.0
6490.0
5652.0
7678.0
9104.0
4652.0
8328.0
7678.0
10654.0
10842.0
7216.0
7028.0
6378.0
6140.0
9354.0
5002.0
5190.0
4702.0
7678.0
9592.0
4890.0
8466.0
9404.0
6190.0
5352.0
6428.0
11192.0
9892.0
10004.0
6428.0
4702.0
5002.0
7866.0
7516.0
4890.0
5002.0
10304.0
8628.0
5352.0
7866.0
10292.0
8866.0
8816.0
7216.0
6190.0
10192.0
5490.0
4402.0
8166.0
6728.0
5302.0
5302.0
6840.0
9054.0
6540.0
4702.0
10542.0
4702.0
5590.0
10842.0
7078.0
7166.0
6728.0
5052.0
8804.0
6378.0
7328.0
6790.0
5540.0
10404.0
10592.0
6490.0
11192.0
10054.0
10192.0
4652.0
10004.0
8654.0
6728.0
6566.0
5052.0
10654.0
6790.0
9592.0
11842.0
9592.0
4052.0
10842.0
6028.0
10304.0
6190.0
6728.0
9242.0
5652.0
6490.0
6190.0
10192.0
6678.0
8866.0
6190.0
9054.0
9354.0
6190.0
10304.0
8216.0
5890.0
6678.0
6378.0
6678.0
6378.0
9542.0
7028.0
4540.0
5840.0
9892.0
11192.0
5302.0
10054.0
6428.0
9892.0
7678.0
12192.0
7566.0
9216.0
9004.0
4002.0
7078.0
7378.0
6190.0
8166.0
7028.0
8028.0
5540.0
5190.0
6728.0
5840.0
8654.0
7404.0
8216.0
10542.0
6190.0
9054.0
9592.0
7028.0
6328.0
4352.0
5490.0
9054.0
7678.0
6916.0
5490.0
6566.0
8404.0
6028.0
8216.0
6566.0
5540.0
6140.0
5002.0
5352.0
5890.0
4052.0
4402.0
5890.0
4890.0
10004.0
6028.0
9454.0
3702.0
5890.0
8566.0
7516.0
5190.0
8654.0
4352.0
5352.0
6840.0
10354.0
4702.0
9404.0
5840.0
5890.0
5052.0
5302.0
6490.0
8816.0
6378.0
10354.0
5002.0
10704.0
5840.0
5540.0
9054.0
6790.0
4702.0
7166.0
6240.0
9592.0
6378.0
4652.0
5190.0
10242.0
5002.0
5002.0
4652.0
5540.0
5352.0
5840.0
7516.0
11492.0
8216.0
4890.0
7140.0
6678.0
7566.0
11492.0
5352.0
5002.0
6378.0
9754.0
10054.0
7378.0
4002.0
8816.0
6540.0
7978.0
10004.0
6378.0
10104.0
6078.0
5540.0
6190.0
6678.0
10842.0
7866.0
7378.0
10542.0
4652.0
5052.0
11142.0
4402.0
4840.0
6378.0
10104.0
7866.0
7216.0
9542.0
6378.0
5890.0
5002.0
5540.0
8216.0
5190.0
6678.0
10354.0
9054.0
9654.0
11842.0
4052.0
8028.0
7916.0
7378.0
4652.0
6190.0
7754.0
8466.0
10492.0
7516.0
9892.0
9704.0
10592.0
4702.0
4052.0
9892.0
10004.0
5728.0
4540.0
8166.0
8516.0
4352.0
6728.0
6490.0
8892.0
8104.0
11492.0
10354.0
7866.0
5840.0
8816.0
6840.0
7216.0
6866.0
5840.0
8404.0
11842.0
5002.0
6978.0
9404.0
10542.0
9892.0
8892.0
6190.0
7678.0
7678.0
10192.0
6190.0
7566.0
8404.0
7378.0
4002.0
4002.0
5728.0
5190.0
6490.0
9842.0
8866.0
10592.0
4402.0
5652.0
5490.0
11492.0
10592.0
10242.0
7378.0
5890.0
10492.0
8654.0
4652.0
8166.0
4652.0
5840.0
9892.0
11192.0
10004.0
6190.0
7028.0
8754.0
4890.0
5002.0
8516.0
8028.0
4352.0
5002.0
5540.0
5002.0
4652.0
8566.0
6678.0
5052.0
7378.0
9216.0
5840.0
6028.0
8516.0
10654.0
7028.0
10192.0
10942.0
10642.0
7328.0
9592.0
9542.0
5840.0
4352.0
9242.0
10842.0
6778.0
5840.0
6028.0
10242.0
4702.0
4002.0
10542.0
8354.0
8266.0
6190.0
10704.0
7866.0
5002.0
7216.0
6190.0
8216.0
4352.0
6540.0
9354.0
5890.0
9704.0
9892.0
8516.0
9704.0
7678.0
6866.0
11192.0
7028.0
8704.0
10892.0
6190.0
7566.0
7428.0
6978.0
10192.0
7516.0
6678.0
5190.0
6078.0
8816.0
8892.0
8816.0
8516.0
11192.0
8328.0
7328.0
5840.0
9892.0
7028.0
9542.0
5840.0
9192.0
6240.0
6490.0
7728.0
10192.0
6428.0
5840.0
10592.0
4402.0
9704.0
7566.0
6728.0
7516.0
4540.0
7866.0
10542.0
8404.0
5490.0
9192.0
5890.0
4402.0
9054.0
6078.0
8354.0
3702.0
6190.0
8754.0
10242.0
4702.0
10892.0
6790.0
7378.0
4052.0
9766.0
6490.0
9104.0
6490.0
7916.0
5190.0
8104.0
9104.0
4840.0
7916.0
3702.0
5002.0
6190.0
7678.0
6678.0
6540.0
7678.0
9404.0
6728.0
8516.0
6790.0
3702.0
5540.0
7754.0
6540.0
11192.0
7378.0
7028.0
6190.0
10542.0
5190.0
7978.0
8516.0
10192.0
7328.0
10142.0
5302.0
6678.0
10192.0
7328.0
8216.0
5490.0
7916.0
7678.0
7078.0
8516.0
5052.0
4352.0
9704.0
8704.0
8866.0
7566.0
9592.0
9404.0
5840.0
4352.0
7566.0
4702.0
7866.0
9654.0
11492.0
9354.0
9242.0
8866.0
10054.0
9842.0
5540.0
9054.0
4352.0
8866.0
5540.0
9542.0
7328.0
12442.0
7678.0
5890.0
10954.0
6978.0
8028.0
11192.0
10142.0
9192.0
10542.0
11304.0
4052.0
10542.0
